TractID,FIPSstate,FIPScounty,FIPStract,pop0-4,pop5-18,pop19-29,pop30-64,pop65+,workers
0,1,1,0,0,0,0,0,0,20
1,1,1,1,0,0,0,0,0,18
2,1,1,2,0,0,0,0,0,55
3,1,1,3,0,0,0,0,0,0
4,1,1,4,0,0,0,0,0,66
5,1,1,5,0,0,0,0,0,40
6,1,1,6,0,0,0,0,0,28
7,1,1,7,0,0,0,0,0,17
8,1,1,8,0,0,0,0,0,0
9,1,1,9,0,0,0,0,0,0
10,1,1,10,0,0,0,0,0,0
11,1,1,11,0,0,0,0,0,4
12,1,1,12,0,0,0,0,0,343
13,1,1,13,0,0,0,0,0,3
14,1,1,14,0,0,0,0,0,16
15,1,1,15,0,0,0,0,0,2
16,1,1,16,0,0,0,0,0,2
17,1,1,17,0,0,0,0,0,113
18,1,1,18,0,0,0,0,0,342
19,1,1,19,0,0,0,0,0,62
20,1,1,20,0,0,0,0,0,29
21,1,1,21,0,0,0,0,0,1
22,1,1,22,0,0,0,0,0,2
23,1,1,23,0,0,0,0,0,183
24,1,1,24,0,0,0,0,0,2
25,1,1,25,302,998,689,3547,652,410
26,1,1,26,0,0,0,0,0,0
27,1,1,27,0,0,0,0,0,0
28,1,1,28,0,0,0,0,0,8
29,1,1,29,0,0,0,0,0,7
30,1,1,30,0,0,0,0,0,30
31,1,1,31,0,0,0,0,0,53
32,1,1,32,0,0,0,0,0,43
33,1,1,33,0,0,0,0,0,63
34,1,1,34,0,0,0,0,0,0
35,1,1,35,0,0,0,0,0,67
36,1,1,36,0,0,0,0,0,44
37,1,1,37,0,0,0,0,0,26
38,1,1,38,0,0,0,0,0,33
39,1,1,39,0,0,0,0,0,31
40,1,1,40,0,0,0,0,0,0
41,1,1,41,0,0,0,0,0,0
42,1,1,42,0,0,0,0,0,0
43,1,1,43,0,0,0,0,0,1
44,1,1,44,0,0,0,0,0,0
45,1,1,45,0,0,0,0,0,0
46,1,1,46,0,0,0,0,0,0
47,1,1,47,0,0,0,0,0,1
48,1,1,48,0,0,0,0,0,6
49,1,1,49,0,0,0,0,0,7
50,1,1,50,0,0,0,0,0,611
51,1,1,51,0,0,0,0,0,2
52,1,1,52,0,0,0,0,0,1
53,1,1,53,0,0,0,0,0,0
54,1,1,54,0,0,0,0,0,0
55,1,1,55,0,0,0,0,0,3
